1.000000000000000000e+00 5.999999999999999778e-01 4.723926380368098088e-01 4.457831325301204739e-01 4.545454545454545303e-01 5.584415584415584055e-01 3.793103448275861878e-01 5.686274509803921351e-01 3.259668508287292821e-01 3.714285714285714413e-01 4.457831325301204739e-01 5.000000000000000000e-01 3.407821229050279066e-01 7.647058823529411242e-01 5.000000000000000000e-01 4.457831325301204739e-01 8.181818181818182323e-01 4.457831325301204739e-01 5.483870967741935054e-01 2.435233160621761705e-01
5.999999999999999778e-01 1.000000000000000000e+00 4.201183431952662528e-01 3.953488372093023062e-01 4.906832298136645787e-01 5.894039735099337873e-01 3.714285714285714413e-01 4.723926380368098088e-01 3.114754098360655865e-01 4.906832298136645787e-01 4.201183431952662528e-01 4.723926380368098088e-01 3.186813186813186594e-01 6.551724137931034253e-01 4.545454545454545303e-01 4.723926380368098088e-01 7.021276595744680993e-01 5.686274509803921351e-01 4.285714285714285476e-01 3.483146067415730518e-01
4.723926380368098088e-01 4.201183431952662528e-01 1.000000000000000000e+00 6.901408450704225039e-01 3.953488372093023062e-01 4.814814814814814548e-01 4.906832298136645787e-01 6.901408450704225039e-01 4.201183431952662528e-01 2.834224598930481509e-01 7.142857142857143016e-01 5.483870967741935054e-01 4.457831325301204739e-01 4.371257485029940160e-01 8.461538461538461453e-01 4.117647058823529216e-01 4.814814814814814548e-01 3.483146067415730518e-01 5.189873417721518889e-01 2.244897959183673464e-01
4.457831325301204739e-01 3.953488372093023062e-01 6.901408450704225039e-01 1.000000000000000000e+00 4.117647058823529216e-01 4.814814814814814548e-01 5.894039735099337873e-01 6.551724137931034253e-01 4.545454545454545303e-01 3.043478260869565410e-01 7.142857142857143016e-01 5.686274509803921351e-01 5.483870967741935054e-01 4.035087719298245390e-01 7.021276595744680993e-01 4.371257485029940160e-01 4.545454545454545303e-01 3.259668508287292821e-01 4.545454545454545303e-01 2.182741116751268917e-01
4.545454545454545303e-01 4.906832298136645787e-01 3.953488372093023062e-01 4.117647058823529216e-01 1.000000000000000000e+00 7.266187050359712574e-01 4.117647058823529216e-01 4.201183431952662528e-01 3.953488372093023062e-01 6.783216783216783341e-01 4.371257485029940160e-01 4.814814814814814548e-01 3.714285714285714413e-01 4.371257485029940160e-01 4.201183431952662528e-01 7.266187050359712574e-01 4.723926380368098088e-01 6.107382550335570537e-01 3.636363636363636465e-01 3.407821229050279066e-01
5.584415584415584055e-01 5.894039735099337873e-01 4.814814814814814548e-01 4.814814814814814548e-01 7.266187050359712574e-01 1.000000000000000000e+00 4.634146341463414864e-01 5.286624203821655987e-01 4.201183431952662528e-01 6.107382550335570537e-01 4.723926380368098088e-01 6.107382550335570537e-01 4.117647058823529216e-01 5.286624203821655987e-01 5.094339622641509413e-01 6.783216783216783341e-01 5.789473684210526550e-01 6.216216216216216006e-01 4.285714285714285476e-01 3.186813186813186594e-01
3.793103448275861878e-01 3.714285714285714413e-01 4.906832298136645787e-01 5.894039735099337873e-01 4.117647058823529216e-01 4.634146341463414864e-01 1.000000000000000000e+00 5.483870967741935054e-01 5.094339622641509413e-01 3.043478260869565410e-01 5.384615384615384359e-01 6.326530612244898322e-01 7.021276595744680993e-01 3.559322033898305038e-01 5.094339622641509413e-01 4.371257485029940160e-01 3.872832369942196262e-01 3.114754098360655865e-01 3.559322033898305038e-01 2.765957446808510745e-01
5.686274509803921351e-01 4.723926380368098088e-01 6.901408450704225039e-01 6.551724137931034253e-01 4.201183431952662528e-01 5.286624203821655987e-01 5.483870967741935054e-01 1.000000000000000000e+00 4.201183431952662528e-01 3.186813186813186594e-01 6.783216783216783341e-01 6.216216216216216006e-01 4.634146341463414864e-01 4.906832298136645787e-01 7.391304347826086474e-01 4.285714285714285476e-01 5.584415584415584055e-01 3.714285714285714413e-01 5.286624203821655987e-01 2.565445026178010401e-01
3.259668508287292821e-01 3.114754098360655865e-01 4.201183431952662528e-01 4.545454545454545303e-01 3.953488372093023062e-01 4.201183431952662528e-01 5.094339622641509413e-01 4.201183431952662528e-01 1.000000000000000000e+00 3.483146067415730518e-01 4.117647058823529216e-01 4.457831325301204739e-01 4.814814814814814548e-01 3.043478260869565410e-01 4.285714285714285476e-01 4.723926380368098088e-01 3.333333333333333148e-01 3.483146067415730518e-01 2.972972972972973138e-01 2.698412698412698263e-01
3.714285714285714413e-01 4.906832298136645787e-01 2.834224598930481509e-01 3.043478260869565410e-01 6.783216783216783341e-01 6.107382550335570537e-01 3.043478260869565410e-01 3.186813186813186594e-01 3.483146067415730518e-01 1.000000000000000000e+00 3.114754098360655865e-01 3.636363636363636465e-01 3.259668508287292821e-01 3.793103448275861878e-01 3.186813186813186594e-01 5.789473684210526550e-01 4.035087719298245390e-01 6.551724137931034253e-01 2.972972972972973138e-01 4.201183431952662528e-01
4.457831325301204739e-01 4.201183431952662528e-01 7.142857142857143016e-01 7.142857142857143016e-01 4.371257485029940160e-01 4.723926380368098088e-01 5.384615384615384359e-01 6.783216783216783341e-01 4.117647058823529216e-01 3.114754098360655865e-01 1.000000000000000000e+00 5.686274509803921351e-01 4.906832298136645787e-01 4.035087719298245390e-01 6.438356164383561842e-01 4.457831325301204739e-01 4.457831325301204739e-01 3.793103448275861878e-01 4.545454545454545303e-01 2.307692307692307820e-01
5.000000000000000000e-01 4.723926380368098088e-01 5.483870967741935054e-01 5.686274509803921351e-01 4.814814814814814548e-01 6.107382550335570537e-01 6.326530612244898322e-01 6.216216216216216006e-01 4.457831325301204739e-01 3.636363636363636465e-01 5.686274509803921351e-01 1.000000000000000000e+00 5.384615384615384359e-01 4.723926380368098088e-01 5.584415584415584055e-01 5.189873417721518889e-01 5.094339622641509413e-01 3.953488372093023062e-01 4.201183431952662528e-01 2.765957446808510745e-01
3.407821229050279066e-01 3.186813186813186594e-01 4.457831325301204739e-01 5.483870967741935054e-01 3.714285714285714413e-01 4.117647058823529216e-01 7.021276595744680993e-01 4.634146341463414864e-01 4.814814814814814548e-01 3.259668508287292821e-01 4.906832298136645787e-01 5.384615384615384359e-01 1.000000000000000000e+00 3.114754098360655865e-01 4.634146341463414864e-01 4.117647058823529216e-01 3.483146067415730518e-01 3.259668508287292821e-01 3.043478260869565410e-01 2.500000000000000000e-01
7.647058823529411242e-01 6.551724137931034253e-01 4.371257485029940160e-01 4.035087719298245390e-01 4.371257485029940160e-01 5.286624203821655987e-01 3.559322033898305038e-01 4.906832298136645787e-01 3.043478260869565410e-01 3.793103448275861878e-01 4.035087719298245390e-01 4.723926380368098088e-01 3.114754098360655865e-01 1.000000000000000000e+00 4.723926380368098088e-01 4.371257485029940160e-01 8.045112781954887327e-01 4.457831325301204739e-01 5.384615384615384359e-01 2.765957446808510745e-01
5.000000000000000000e-01 4.545454545454545303e-01 8.461538461538461453e-01 7.021276595744680993e-01 4.201183431952662528e-01 5.094339622641509413e-01 5.094339622641509413e-01 7.391304347826086474e-01 4.285714285714285476e-01 3.186813186813186594e-01 6.438356164383561842e-01 5.584415584415584055e-01 4.634146341463414864e-01 4.723926380368098088e-01 1.000000000000000000e+00 4.371257485029940160e-01 4.906832298136645787e-01 3.559322033898305038e-01 5.384615384615384359e-01 2.182741116751268917e-01
4.457831325301204739e-01 4.723926380368098088e-01 4.117647058823529216e-01 4.371257485029940160e-01 7.266187050359712574e-01 6.783216783216783341e-01 4.371257485029940160e-01 4.285714285714285476e-01 4.723926380368098088e-01 5.789473684210526550e-01 4.457831325301204739e-01 5.189873417721518889e-01 4.117647058823529216e-01 4.371257485029940160e-01 4.371257485029940160e-01 1.000000000000000000e+00 4.634146341463414864e-01 5.286624203821655987e-01 3.793103448275861878e-01 3.407821229050279066e-01
8.181818181818182323e-01 7.021276595744680993e-01 4.814814814814814548e-01 4.545454545454545303e-01 4.723926380368098088e-01 5.789473684210526550e-01 3.872832369942196262e-01 5.584415584415584055e-01 3.333333333333333148e-01 4.035087719298245390e-01 4.457831325301204739e-01 5.094339622641509413e-01 3.483146067415730518e-01 8.045112781954887327e-01 4.906832298136645787e-01 4.634146341463414864e-01 1.000000000000000000e+00 4.814814814814814548e-01 5.000000000000000000e-01 2.903225806451613100e-01
4.457831325301204739e-01 5.686274509803921351e-01 3.483146067415730518e-01 3.259668508287292821e-01 6.107382550335570537e-01 6.216216216216216006e-01 3.114754098360655865e-01 3.714285714285714413e-01 3.483146067415730518e-01 6.551724137931034253e-01 3.793103448275861878e-01 3.953488372093023062e-01 3.259668508287292821e-01 4.457831325301204739e-01 3.559322033898305038e-01 5.286624203821655987e-01 4.814814814814814548e-01 1.000000000000000000e+00 3.559322033898305038e-01 3.333333333333333148e-01
5.483870967741935054e-01 4.285714285714285476e-01 5.189873417721518889e-01 4.545454545454545303e-01 3.636363636363636465e-01 4.285714285714285476e-01 3.559322033898305038e-01 5.286624203821655987e-01 2.972972972972973138e-01 2.972972972972973138e-01 4.545454545454545303e-01 4.201183431952662528e-01 3.043478260869565410e-01 5.384615384615384359e-01 5.384615384615384359e-01 3.793103448275861878e-01 5.000000000000000000e-01 3.559322033898305038e-01 1.000000000000000000e+00 1.822660098522167482e-01
2.435233160621761705e-01 3.483146067415730518e-01 2.244897959183673464e-01 2.182741116751268917e-01 3.407821229050279066e-01 3.186813186813186594e-01 2.765957446808510745e-01 2.565445026178010401e-01 2.698412698412698263e-01 4.201183431952662528e-01 2.307692307692307820e-01 2.765957446808510745e-01 2.500000000000000000e-01 2.765957446808510745e-01 2.182741116751268917e-01 3.407821229050279066e-01 2.903225806451613100e-01 3.333333333333333148e-01 1.822660098522167482e-01 1.000000000000000000e+00
