1.000000000000000000e+00 2.121212121212121271e-01 3.896103896103896014e-02 2.564102564102564014e-02 6.666666666666666574e-02 9.589041095890410427e-02 0.000000000000000000e+00 3.896103896103896014e-02 1.265822784810126563e-02 5.263157894736841813e-02 2.564102564102564014e-02 0.000000000000000000e+00 0.000000000000000000e+00 4.285714285714285476e-01 3.896103896103896014e-02 3.896103896103896014e-02 4.814814814814814548e-01 8.108108108108108558e-02 5.263157894736841813e-02 8.108108108108108558e-02
2.121212121212121271e-01 1.000000000000000000e+00 3.896103896103896014e-02 5.263157894736841813e-02 1.764705882352941291e-01 1.940298507462686617e-01 1.265822784810126563e-02 1.265822784810126563e-02 3.896103896103896014e-02 2.121212121212121271e-01 3.896103896103896014e-02 2.564102564102564014e-02 2.564102564102564014e-02 2.903225806451613100e-01 5.263157894736841813e-02 9.589041095890410427e-02 3.333333333333333148e-01 3.559322033898305038e-01 8.108108108108108558e-02 5.263157894736841813e-02
3.896103896103896014e-02 3.896103896103896014e-02 1.000000000000000000e+00 4.285714285714285476e-01 8.108108108108108558e-02 9.589041095890410427e-02 1.594202898550724501e-01 4.035087719298245390e-01 2.564102564102564014e-02 1.265822784810126563e-02 5.094339622641509413e-01 1.940298507462686617e-01 1.267605633802816878e-01 3.896103896103896014e-02 7.391304347826086474e-01 6.666666666666666574e-02 2.564102564102564014e-02 5.263157894736841813e-02 8.108108108108108558e-02 8.108108108108108558e-02
2.564102564102564014e-02 5.263157894736841813e-02 4.285714285714285476e-01 1.000000000000000000e+00 1.428571428571428492e-01 1.267605633802816878e-01 3.333333333333333148e-01 2.903225806451613100e-01 6.666666666666666574e-02 5.263157894736841813e-02 5.999999999999999778e-01 2.500000000000000000e-01 2.698412698412698263e-01 2.564102564102564014e-02 4.545454545454545303e-01 1.111111111111111049e-01 2.564102564102564014e-02 6.666666666666666574e-02 1.267605633802816878e-01 9.589041095890410427e-02
6.666666666666666574e-02 1.764705882352941291e-01 8.108108108108108558e-02 1.428571428571428492e-01 1.000000000000000000e+00 4.545454545454545303e-01 9.589041095890410427e-02 3.896103896103896014e-02 1.428571428571428492e-01 4.814814814814814548e-01 1.111111111111111049e-01 1.111111111111111049e-01 8.108108108108108558e-02 9.589041095890410427e-02 1.111111111111111049e-01 5.094339622641509413e-01 8.108108108108108558e-02 3.793103448275861878e-01 1.428571428571428492e-01 1.111111111111111049e-01
9.589041095890410427e-02 1.940298507462686617e-01 9.589041095890410427e-02 1.267605633802816878e-01 4.545454545454545303e-01 1.000000000000000000e+00 6.666666666666666574e-02 5.263157894736841813e-02 9.589041095890410427e-02 2.121212121212121271e-01 1.111111111111111049e-01 1.940298507462686617e-01 5.263157894736841813e-02 1.111111111111111049e-01 1.111111111111111049e-01 3.333333333333333148e-01 1.111111111111111049e-01 3.114754098360655865e-01 8.108108108108108558e-02 8.108108108108108558e-02
0.000000000000000000e+00 1.265822784810126563e-02 1.594202898550724501e-01 3.333333333333333148e-01 9.589041095890410427e-02 6.666666666666666574e-02 1.000000000000000000e+00 1.764705882352941291e-01 1.764705882352941291e-01 8.108108108108108558e-02 2.903225806451613100e-01 2.500000000000000000e-01 5.094339622641509413e-01 0.000000000000000000e+00 1.428571428571428492e-01 1.267605633802816878e-01 0.000000000000000000e+00 2.564102564102564014e-02 1.428571428571428492e-01 9.589041095890410427e-02
3.896103896103896014e-02 1.265822784810126563e-02 4.035087719298245390e-01 2.903225806451613100e-01 3.896103896103896014e-02 5.263157894736841813e-02 1.764705882352941291e-01 1.000000000000000000e+00 1.265822784810126563e-02 1.265822784810126563e-02 4.035087719298245390e-01 1.764705882352941291e-01 9.589041095890410427e-02 0.000000000000000000e+00 4.285714285714285476e-01 3.896103896103896014e-02 0.000000000000000000e+00 1.265822784810126563e-02 8.108108108108108558e-02 8.108108108108108558e-02
1.265822784810126563e-02 3.896103896103896014e-02 2.564102564102564014e-02 6.666666666666666574e-02 1.428571428571428492e-01 9.589041095890410427e-02 1.764705882352941291e-01 1.265822784810126563e-02 1.000000000000000000e+00 1.940298507462686617e-01 5.263157894736841813e-02 8.108108108108108558e-02 2.307692307692307820e-01 2.564102564102564014e-02 1.265822784810126563e-02 3.333333333333333148e-01 2.564102564102564014e-02 1.111111111111111049e-01 8.108108108108108558e-02 8.108108108108108558e-02
5.263157894736841813e-02 2.121212121212121271e-01 1.265822784810126563e-02 5.263157894736841813e-02 4.814814814814814548e-01 2.121212121212121271e-01 8.108108108108108558e-02 1.265822784810126563e-02 1.940298507462686617e-01 1.000000000000000000e+00 5.263157894736841813e-02 5.263157894736841813e-02 9.589041095890410427e-02 6.666666666666666574e-02 2.564102564102564014e-02 3.793103448275861878e-01 8.108108108108108558e-02 3.559322033898305038e-01 1.267605633802816878e-01 9.589041095890410427e-02
2.564102564102564014e-02 3.896103896103896014e-02 5.094339622641509413e-01 5.999999999999999778e-01 1.111111111111111049e-01 1.111111111111111049e-01 2.903225806451613100e-01 4.035087719298245390e-01 5.263157894736841813e-02 5.263157894736841813e-02 1.000000000000000000e+00 2.500000000000000000e-01 2.307692307692307820e-01 1.265822784810126563e-02 4.545454545454545303e-01 9.589041095890410427e-02 1.265822784810126563e-02 5.263157894736841813e-02 1.267605633802816878e-01 9.589041095890410427e-02
0.000000000000000000e+00 2.564102564102564014e-02 1.940298507462686617e-01 2.500000000000000000e-01 1.111111111111111049e-01 1.940298507462686617e-01 2.500000000000000000e-01 1.764705882352941291e-01 8.108108108108108558e-02 5.263157894736841813e-02 2.500000000000000000e-01 1.000000000000000000e+00 2.121212121212121271e-01 0.000000000000000000e+00 1.764705882352941291e-01 9.589041095890410427e-02 0.000000000000000000e+00 3.896103896103896014e-02 6.666666666666666574e-02 3.896103896103896014e-02
0.000000000000000000e+00 2.564102564102564014e-02 1.267605633802816878e-01 2.698412698412698263e-01 8.108108108108108558e-02 5.263157894736841813e-02 5.094339622641509413e-01 9.589041095890410427e-02 2.307692307692307820e-01 9.589041095890410427e-02 2.307692307692307820e-01 2.121212121212121271e-01 1.000000000000000000e+00 0.000000000000000000e+00 1.267605633802816878e-01 1.428571428571428492e-01 0.000000000000000000e+00 2.564102564102564014e-02 9.589041095890410427e-02 6.666666666666666574e-02
4.285714285714285476e-01 2.903225806451613100e-01 3.896103896103896014e-02 2.564102564102564014e-02 9.589041095890410427e-02 1.111111111111111049e-01 0.000000000000000000e+00 0.000000000000000000e+00 2.564102564102564014e-02 6.666666666666666574e-02 1.265822784810126563e-02 0.000000000000000000e+00 0.000000000000000000e+00 1.000000000000000000e+00 3.896103896103896014e-02 6.666666666666666574e-02 5.094339622641509413e-01 1.594202898550724501e-01 9.589041095890410427e-02 1.111111111111111049e-01
3.896103896103896014e-02 5.263157894736841813e-02 7.391304347826086474e-01 4.545454545454545303e-01 1.111111111111111049e-01 1.111111111111111049e-01 1.428571428571428492e-01 4.285714285714285476e-01 1.265822784810126563e-02 2.564102564102564014e-02 4.545454545454545303e-01 1.764705882352941291e-01 1.267605633802816878e-01 3.896103896103896014e-02 1.000000000000000000e+00 8.108108108108108558e-02 2.564102564102564014e-02 6.666666666666666574e-02 9.589041095890410427e-02 1.111111111111111049e-01
3.896103896103896014e-02 9.589041095890410427e-02 6.666666666666666574e-02 1.111111111111111049e-01 5.094339622641509413e-01 3.333333333333333148e-01 1.267605633802816878e-01 3.896103896103896014e-02 3.333333333333333148e-01 3.793103448275861878e-01 9.589041095890410427e-02 9.589041095890410427e-02 1.428571428571428492e-01 6.666666666666666574e-02 8.108108108108108558e-02 1.000000000000000000e+00 5.263157894736841813e-02 3.114754098360655865e-01 1.594202898550724501e-01 1.267605633802816878e-01
4.814814814814814548e-01 3.333333333333333148e-01 2.564102564102564014e-02 2.564102564102564014e-02 8.108108108108108558e-02 1.111111111111111049e-01 0.000000000000000000e+00 0.000000000000000000e+00 2.564102564102564014e-02 8.108108108108108558e-02 1.265822784810126563e-02 0.000000000000000000e+00 0.000000000000000000e+00 5.094339622641509413e-01 2.564102564102564014e-02 5.263157894736841813e-02 1.000000000000000000e+00 1.267605633802816878e-01 6.666666666666666574e-02 8.108108108108108558e-02
8.108108108108108558e-02 3.559322033898305038e-01 5.263157894736841813e-02 6.666666666666666574e-02 3.793103448275861878e-01 3.114754098360655865e-01 2.564102564102564014e-02 1.265822784810126563e-02 1.111111111111111049e-01 3.559322033898305038e-01 5.263157894736841813e-02 3.896103896103896014e-02 2.564102564102564014e-02 1.594202898550724501e-01 6.666666666666666574e-02 3.114754098360655865e-01 1.267605633802816878e-01 1.000000000000000000e+00 8.108108108108108558e-02 8.108108108108108558e-02
5.263157894736841813e-02 8.108108108108108558e-02 8.108108108108108558e-02 1.267605633802816878e-01 1.428571428571428492e-01 8.108108108108108558e-02 1.428571428571428492e-01 8.108108108108108558e-02 8.108108108108108558e-02 1.267605633802816878e-01 1.267605633802816878e-01 6.666666666666666574e-02 9.589041095890410427e-02 9.589041095890410427e-02 9.589041095890410427e-02 1.594202898550724501e-01 6.666666666666666574e-02 8.108108108108108558e-02 1.000000000000000000e+00 5.384615384615384359e-01
8.108108108108108558e-02 5.263157894736841813e-02 8.108108108108108558e-02 9.589041095890410427e-02 1.111111111111111049e-01 8.108108108108108558e-02 9.589041095890410427e-02 8.108108108108108558e-02 8.108108108108108558e-02 9.589041095890410427e-02 9.589041095890410427e-02 3.896103896103896014e-02 6.666666666666666574e-02 1.111111111111111049e-01 1.111111111111111049e-01 1.267605633802816878e-01 8.108108108108108558e-02 8.108108108108108558e-02 5.384615384615384359e-01 1.000000000000000000e+00
