1.000000000000000000e+00 1.000000000000000000e+00 1.000000000000000000e+00 1.000000000000000000e+00 1.000000000000000000e+00 1.000000000000000000e+00 9.875776397515527716e-01 1.000000000000000000e+00 9.104477611940298143e-01 9.631901840490797451e-01 1.000000000000000000e+00 1.000000000000000000e+00 9.512195121951219079e-01 1.000000000000000000e+00 1.000000000000000000e+00 9.692307692307692291e-01 1.000000000000000000e+00 1.000000000000000000e+00 9.875776397515527716e-01 9.875776397515527716e-01
1.000000000000000000e+00 1.000000000000000000e+00 1.000000000000000000e+00 1.000000000000000000e+00 1.000000000000000000e+00 1.000000000000000000e+00 9.875776397515527716e-01 1.000000000000000000e+00 9.104477611940298143e-01 9.631901840490797451e-01 1.000000000000000000e+00 1.000000000000000000e+00 9.512195121951219079e-01 1.000000000000000000e+00 1.000000000000000000e+00 9.692307692307692291e-01 1.000000000000000000e+00 1.000000000000000000e+00 9.875776397515527716e-01 9.875776397515527716e-01
1.000000000000000000e+00 1.000000000000000000e+00 1.000000000000000000e+00 1.000000000000000000e+00 1.000000000000000000e+00 1.000000000000000000e+00 9.875776397515527716e-01 1.000000000000000000e+00 9.104477611940298143e-01 9.631901840490797451e-01 1.000000000000000000e+00 1.000000000000000000e+00 9.512195121951219079e-01 1.000000000000000000e+00 1.000000000000000000e+00 9.692307692307692291e-01 1.000000000000000000e+00 1.000000000000000000e+00 9.875776397515527716e-01 9.875776397515527716e-01
1.000000000000000000e+00 1.000000000000000000e+00 1.000000000000000000e+00 1.000000000000000000e+00 1.000000000000000000e+00 1.000000000000000000e+00 9.875776397515527716e-01 1.000000000000000000e+00 9.104477611940298143e-01 9.631901840490797451e-01 1.000000000000000000e+00 1.000000000000000000e+00 9.512195121951219079e-01 1.000000000000000000e+00 1.000000000000000000e+00 9.692307692307692291e-01 1.000000000000000000e+00 1.000000000000000000e+00 9.875776397515527716e-01 9.875776397515527716e-01
1.000000000000000000e+00 1.000000000000000000e+00 1.000000000000000000e+00 1.000000000000000000e+00 1.000000000000000000e+00 1.000000000000000000e+00 9.875776397515527716e-01 1.000000000000000000e+00 9.104477611940298143e-01 9.631901840490797451e-01 1.000000000000000000e+00 1.000000000000000000e+00 9.512195121951219079e-01 1.000000000000000000e+00 1.000000000000000000e+00 9.692307692307692291e-01 1.000000000000000000e+00 1.000000000000000000e+00 9.875776397515527716e-01 9.875776397515527716e-01
1.000000000000000000e+00 1.000000000000000000e+00 1.000000000000000000e+00 1.000000000000000000e+00 1.000000000000000000e+00 1.000000000000000000e+00 9.875776397515527716e-01 1.000000000000000000e+00 9.104477611940298143e-01 9.631901840490797451e-01 1.000000000000000000e+00 1.000000000000000000e+00 9.512195121951219079e-01 1.000000000000000000e+00 1.000000000000000000e+00 9.692307692307692291e-01 1.000000000000000000e+00 1.000000000000000000e+00 9.875776397515527716e-01 9.875776397515527716e-01
9.875776397515527716e-01 9.875776397515527716e-01 9.875776397515527716e-01 9.875776397515527716e-01 9.875776397515527716e-01 9.875776397515527716e-01 1.000000000000000000e+00 9.875776397515527716e-01 9.104477611940298143e-01 9.631901840490797451e-01 9.875776397515527716e-01 9.875776397515527716e-01 9.631901840490797451e-01 9.875776397515527716e-01 9.875776397515527716e-01 9.692307692307692291e-01 9.875776397515527716e-01 9.875776397515527716e-01 9.814241486068111531e-01 9.875776397515527716e-01
1.000000000000000000e+00 1.000000000000000000e+00 1.000000000000000000e+00 1.000000000000000000e+00 1.000000000000000000e+00 1.000000000000000000e+00 9.875776397515527716e-01 1.000000000000000000e+00 9.104477611940298143e-01 9.631901840490797451e-01 1.000000000000000000e+00 1.000000000000000000e+00 9.512195121951219079e-01 1.000000000000000000e+00 1.000000000000000000e+00 9.692307692307692291e-01 1.000000000000000000e+00 1.000000000000000000e+00 9.875776397515527716e-01 9.875776397515527716e-01
9.104477611940298143e-01 9.104477611940298143e-01 9.104477611940298143e-01 9.104477611940298143e-01 9.104477611940298143e-01 9.104477611940298143e-01 9.104477611940298143e-01 9.104477611940298143e-01 1.000000000000000000e+00 9.219219219219219053e-01 9.104477611940298143e-01 9.104477611940298143e-01 9.219219219219219053e-01 9.104477611940298143e-01 9.104477611940298143e-01 9.277108433734939652e-01 9.104477611940298143e-01 9.104477611940298143e-01 9.104477611940298143e-01 9.161676646706586880e-01
9.631901840490797451e-01 9.631901840490797451e-01 9.631901840490797451e-01 9.631901840490797451e-01 9.631901840490797451e-01 9.631901840490797451e-01 9.631901840490797451e-01 9.631901840490797451e-01 9.219219219219219053e-01 1.000000000000000000e+00 9.631901840490797451e-01 9.631901840490797451e-01 9.512195121951219079e-01 9.631901840490797451e-01 9.631901840490797451e-01 9.814241486068111531e-01 9.631901840490797451e-01 9.631901840490797451e-01 9.631901840490797451e-01 9.753086419753086433e-01
1.000000000000000000e+00 1.000000000000000000e+00 1.000000000000000000e+00 1.000000000000000000e+00 1.000000000000000000e+00 1.000000000000000000e+00 9.875776397515527716e-01 1.000000000000000000e+00 9.104477611940298143e-01 9.631901840490797451e-01 1.000000000000000000e+00 1.000000000000000000e+00 9.512195121951219079e-01 1.000000000000000000e+00 1.000000000000000000e+00 9.692307692307692291e-01 1.000000000000000000e+00 1.000000000000000000e+00 9.875776397515527716e-01 9.875776397515527716e-01
1.000000000000000000e+00 1.000000000000000000e+00 1.000000000000000000e+00 1.000000000000000000e+00 1.000000000000000000e+00 1.000000000000000000e+00 9.875776397515527716e-01 1.000000000000000000e+00 9.104477611940298143e-01 9.631901840490797451e-01 1.000000000000000000e+00 1.000000000000000000e+00 9.512195121951219079e-01 1.000000000000000000e+00 1.000000000000000000e+00 9.692307692307692291e-01 1.000000000000000000e+00 1.000000000000000000e+00 9.875776397515527716e-01 9.875776397515527716e-01
9.512195121951219079e-01 9.512195121951219079e-01 9.512195121951219079e-01 9.512195121951219079e-01 9.512195121951219079e-01 9.512195121951219079e-01 9.631901840490797451e-01 9.512195121951219079e-01 9.219219219219219053e-01 9.512195121951219079e-01 9.512195121951219079e-01 9.512195121951219079e-01 1.000000000000000000e+00 9.512195121951219079e-01 9.512195121951219079e-01 9.512195121951219079e-01 9.512195121951219079e-01 9.512195121951219079e-01 9.512195121951219079e-01 9.512195121951219079e-01
1.000000000000000000e+00 1.000000000000000000e+00 1.000000000000000000e+00 1.000000000000000000e+00 1.000000000000000000e+00 1.000000000000000000e+00 9.875776397515527716e-01 1.000000000000000000e+00 9.104477611940298143e-01 9.631901840490797451e-01 1.000000000000000000e+00 1.000000000000000000e+00 9.512195121951219079e-01 1.000000000000000000e+00 1.000000000000000000e+00 9.692307692307692291e-01 1.000000000000000000e+00 1.000000000000000000e+00 9.875776397515527716e-01 9.875776397515527716e-01
1.000000000000000000e+00 1.000000000000000000e+00 1.000000000000000000e+00 1.000000000000000000e+00 1.000000000000000000e+00 1.000000000000000000e+00 9.875776397515527716e-01 1.000000000000000000e+00 9.104477611940298143e-01 9.631901840490797451e-01 1.000000000000000000e+00 1.000000000000000000e+00 9.512195121951219079e-01 1.000000000000000000e+00 1.000000000000000000e+00 9.692307692307692291e-01 1.000000000000000000e+00 1.000000000000000000e+00 9.875776397515527716e-01 9.875776397515527716e-01
9.692307692307692291e-01 9.692307692307692291e-01 9.692307692307692291e-01 9.692307692307692291e-01 9.692307692307692291e-01 9.692307692307692291e-01 9.692307692307692291e-01 9.692307692307692291e-01 9.277108433734939652e-01 9.814241486068111531e-01 9.692307692307692291e-01 9.692307692307692291e-01 9.512195121951219079e-01 9.692307692307692291e-01 9.692307692307692291e-01 1.000000000000000000e+00 9.692307692307692291e-01 9.692307692307692291e-01 9.692307692307692291e-01 9.814241486068111531e-01
1.000000000000000000e+00 1.000000000000000000e+00 1.000000000000000000e+00 1.000000000000000000e+00 1.000000000000000000e+00 1.000000000000000000e+00 9.875776397515527716e-01 1.000000000000000000e+00 9.104477611940298143e-01 9.631901840490797451e-01 1.000000000000000000e+00 1.000000000000000000e+00 9.512195121951219079e-01 1.000000000000000000e+00 1.000000000000000000e+00 9.692307692307692291e-01 1.000000000000000000e+00 1.000000000000000000e+00 9.875776397515527716e-01 9.875776397515527716e-01
1.000000000000000000e+00 1.000000000000000000e+00 1.000000000000000000e+00 1.000000000000000000e+00 1.000000000000000000e+00 1.000000000000000000e+00 9.875776397515527716e-01 1.000000000000000000e+00 9.104477611940298143e-01 9.631901840490797451e-01 1.000000000000000000e+00 1.000000000000000000e+00 9.512195121951219079e-01 1.000000000000000000e+00 1.000000000000000000e+00 9.692307692307692291e-01 1.000000000000000000e+00 1.000000000000000000e+00 9.875776397515527716e-01 9.875776397515527716e-01
9.875776397515527716e-01 9.875776397515527716e-01 9.875776397515527716e-01 9.875776397515527716e-01 9.875776397515527716e-01 9.875776397515527716e-01 9.814241486068111531e-01 9.875776397515527716e-01 9.104477611940298143e-01 9.631901840490797451e-01 9.875776397515527716e-01 9.875776397515527716e-01 9.512195121951219079e-01 9.875776397515527716e-01 9.875776397515527716e-01 9.692307692307692291e-01 9.875776397515527716e-01 9.875776397515527716e-01 1.000000000000000000e+00 9.814241486068111531e-01
9.875776397515527716e-01 9.875776397515527716e-01 9.875776397515527716e-01 9.875776397515527716e-01 9.875776397515527716e-01 9.875776397515527716e-01 9.875776397515527716e-01 9.875776397515527716e-01 9.161676646706586880e-01 9.753086419753086433e-01 9.875776397515527716e-01 9.875776397515527716e-01 9.512195121951219079e-01 9.875776397515527716e-01 9.875776397515527716e-01 9.814241486068111531e-01 9.875776397515527716e-01 9.875776397515527716e-01 9.814241486068111531e-01 1.000000000000000000e+00
