1.000000000000000000e+00 7.679558011049724131e-01 7.021276595744680993e-01 6.842105263157894912e-01 6.753926701570680535e-01 7.877094972067039125e-01 5.999999999999999778e-01 7.582417582417582125e-01 5.384615384615384359e-01 5.999999999999999778e-01 6.842105263157894912e-01 7.391304347826086474e-01 5.533980582524271608e-01 8.390804597701149170e-01 7.112299465240641272e-01 6.410256410256410797e-01 9.161676646706586880e-01 6.753926701570680535e-01 7.021276595744680993e-01 4.285714285714285476e-01
7.679558011049724131e-01 1.000000000000000000e+00 6.666666666666666297e-01 6.494845360824742508e-01 7.021276595744680993e-01 7.486338797814208190e-01 5.841584158415841221e-01 6.842105263157894912e-01 5.384615384615384359e-01 6.666666666666666297e-01 6.494845360824742508e-01 6.931216931216931387e-01 5.384615384615384359e-01 8.079096045197740050e-01 6.666666666666666297e-01 6.494845360824742508e-01 8.079096045197740050e-01 7.877094972067039125e-01 6.410256410256410797e-01 5.023474178403756207e-01
7.021276595744680993e-01 6.666666666666666297e-01 1.000000000000000000e+00 8.285714285714286254e-01 6.666666666666666297e-01 7.204301075268817467e-01 6.842105263157894912e-01 8.390804597701149170e-01 5.686274509803921351e-01 5.609756097560976151e-01 8.497109826589595016e-01 7.679558011049724131e-01 6.410256410256410797e-01 6.666666666666666297e-01 9.277108433734939652e-01 6.326530612244898322e-01 6.931216931216931387e-01 6.326530612244898322e-01 7.112299465240641272e-01 4.545454545454545303e-01
6.842105263157894912e-01 6.494845360824742508e-01 8.285714285714286254e-01 1.000000000000000000e+00 6.753926701570680535e-01 7.204301075268817467e-01 7.777777777777777901e-01 8.079096045197740050e-01 5.999999999999999778e-01 5.686274509803921351e-01 8.823529411764705621e-01 7.877094972067039125e-01 7.204301075268817467e-01 6.410256410256410797e-01 8.285714285714286254e-01 6.494845360824742508e-01 6.842105263157894912e-01 6.161616161616161325e-01 6.666666666666666297e-01 4.545454545454545303e-01
6.753926701570680535e-01 7.021276595744680993e-01 6.666666666666666297e-01 6.753926701570680535e-01 1.000000000000000000e+00 8.390804597701149170e-01 6.243654822335025223e-01 6.753926701570680535e-01 6.243654822335025223e-01 8.285714285714286254e-01 6.753926701570680535e-01 7.021276595744680993e-01 5.841584158415841221e-01 6.666666666666666297e-01 6.842105263157894912e-01 8.497109826589595016e-01 6.931216931216931387e-01 7.977528089887639950e-01 6.326530612244898322e-01 5.686274509803921351e-01
7.877094972067039125e-01 7.486338797814208190e-01 7.204301075268817467e-01 7.204301075268817467e-01 8.390804597701149170e-01 1.000000000000000000e+00 6.410256410256410797e-01 7.679558011049724131e-01 6.243654822335025223e-01 7.204301075268817467e-01 7.204301075268817467e-01 7.877094972067039125e-01 5.920398009950248452e-01 7.297297297297297147e-01 7.297297297297297147e-01 7.777777777777777901e-01 8.181818181818182323e-01 7.679558011049724131e-01 6.410256410256410797e-01 5.094339622641509413e-01
5.999999999999999778e-01 5.841584158415841221e-01 6.842105263157894912e-01 7.777777777777777901e-01 6.243654822335025223e-01 6.410256410256410797e-01 1.000000000000000000e+00 7.021276595744680993e-01 6.580310880829015607e-01 5.458937198067632668e-01 7.391304347826086474e-01 7.391304347826086474e-01 8.285714285714286254e-01 5.763546798029556273e-01 6.753926701570680535e-01 6.326530612244898322e-01 5.999999999999999778e-01 5.686274509803921351e-01 5.841584158415841221e-01 4.883720930232557933e-01
7.582417582417582125e-01 6.842105263157894912e-01 8.390804597701149170e-01 8.079096045197740050e-01 6.753926701570680535e-01 7.679558011049724131e-01 7.021276595744680993e-01 1.000000000000000000e+00 5.609756097560976151e-01 5.763546798029556273e-01 8.285714285714286254e-01 8.079096045197740050e-01 6.326530612244898322e-01 6.931216931216931387e-01 8.604651162790697416e-01 6.410256410256410797e-01 7.486338797814208190e-01 6.410256410256410797e-01 7.112299465240641272e-01 4.746543778801843305e-01
5.384615384615384359e-01 5.384615384615384359e-01 5.686274509803921351e-01 5.999999999999999778e-01 6.243654822335025223e-01 6.243654822335025223e-01 6.580310880829015607e-01 5.609756097560976151e-01 1.000000000000000000e+00 5.999999999999999778e-01 5.920398009950248452e-01 6.161616161616161325e-01 6.753926701570680535e-01 5.238095238095238360e-01 5.686274509803921351e-01 7.021276595744680993e-01 5.458937198067632668e-01 5.841584158415841221e-01 5.023474178403756207e-01 5.023474178403756207e-01
5.999999999999999778e-01 6.666666666666666297e-01 5.609756097560976151e-01 5.686274509803921351e-01 8.285714285714286254e-01 7.204301075268817467e-01 5.458937198067632668e-01 5.763546798029556273e-01 5.999999999999999778e-01 1.000000000000000000e+00 5.686274509803921351e-01 5.999999999999999778e-01 5.311004784688995173e-01 5.999999999999999778e-01 5.763546798029556273e-01 7.777777777777777901e-01 6.326530612244898322e-01 7.877094972067039125e-01 5.533980582524271608e-01 6.080402010050250938e-01
6.842105263157894912e-01 6.494845360824742508e-01 8.497109826589595016e-01 8.823529411764705621e-01 6.753926701570680535e-01 7.204301075268817467e-01 7.391304347826086474e-01 8.285714285714286254e-01 5.920398009950248452e-01 5.686274509803921351e-01 1.000000000000000000e+00 7.777777777777777901e-01 6.931216931216931387e-01 6.410256410256410797e-01 8.285714285714286254e-01 6.494845360824742508e-01 6.753926701570680535e-01 6.243654822335025223e-01 6.666666666666666297e-01 4.678899082568807599e-01
7.391304347826086474e-01 6.931216931216931387e-01 7.679558011049724131e-01 7.877094972067039125e-01 7.021276595744680993e-01 7.877094972067039125e-01 7.391304347826086474e-01 8.079096045197740050e-01 6.161616161616161325e-01 5.999999999999999778e-01 7.777777777777777901e-01 1.000000000000000000e+00 6.842105263157894912e-01 6.931216931216931387e-01 7.582417582417582125e-01 6.666666666666666297e-01 7.391304347826086474e-01 6.494845360824742508e-01 6.410256410256410797e-01 5.023474178403756207e-01
5.533980582524271608e-01 5.384615384615384359e-01 6.410256410256410797e-01 7.204301075268817467e-01 5.841584158415841221e-01 5.920398009950248452e-01 8.285714285714286254e-01 6.326530612244898322e-01 6.753926701570680535e-01 5.311004784688995173e-01 6.931216931216931387e-01 6.842105263157894912e-01 1.000000000000000000e+00 5.238095238095238360e-01 6.410256410256410797e-01 6.080402010050250938e-01 5.533980582524271608e-01 5.311004784688995173e-01 5.384615384615384359e-01 4.611872146118721205e-01
8.390804597701149170e-01 8.079096045197740050e-01 6.666666666666666297e-01 6.410256410256410797e-01 6.666666666666666297e-01 7.297297297297297147e-01 5.763546798029556273e-01 6.931216931216931387e-01 5.238095238095238360e-01 5.999999999999999778e-01 6.410256410256410797e-01 6.931216931216931387e-01 5.238095238095238360e-01 1.000000000000000000e+00 6.666666666666666297e-01 6.326530612244898322e-01 8.713450292397660890e-01 7.021276595744680993e-01 7.112299465240641272e-01 4.545454545454545303e-01
7.112299465240641272e-01 6.666666666666666297e-01 9.277108433734939652e-01 8.285714285714286254e-01 6.842105263157894912e-01 7.297297297297297147e-01 6.753926701570680535e-01 8.604651162790697416e-01 5.686274509803921351e-01 5.763546798029556273e-01 8.285714285714286254e-01 7.582417582417582125e-01 6.410256410256410797e-01 6.666666666666666297e-01 1.000000000000000000e+00 6.494845360824742508e-01 7.021276595744680993e-01 6.410256410256410797e-01 7.112299465240641272e-01 4.545454545454545303e-01
6.410256410256410797e-01 6.494845360824742508e-01 6.326530612244898322e-01 6.494845360824742508e-01 8.497109826589595016e-01 7.777777777777777901e-01 6.326530612244898322e-01 6.410256410256410797e-01 7.021276595744680993e-01 7.777777777777777901e-01 6.494845360824742508e-01 6.666666666666666297e-01 6.080402010050250938e-01 6.326530612244898322e-01 6.494845360824742508e-01 1.000000000000000000e+00 6.580310880829015607e-01 7.582417582417582125e-01 5.999999999999999778e-01 5.841584158415841221e-01
9.161676646706586880e-01 8.079096045197740050e-01 6.931216931216931387e-01 6.842105263157894912e-01 6.931216931216931387e-01 8.181818181818182323e-01 5.999999999999999778e-01 7.486338797814208190e-01 5.458937198067632668e-01 6.326530612244898322e-01 6.753926701570680535e-01 7.391304347826086474e-01 5.533980582524271608e-01 8.713450292397660890e-01 7.021276595744680993e-01 6.580310880829015607e-01 1.000000000000000000e+00 7.112299465240641272e-01 6.753926701570680535e-01 4.479638009049773939e-01
6.753926701570680535e-01 7.877094972067039125e-01 6.326530612244898322e-01 6.161616161616161325e-01 7.977528089887639950e-01 7.679558011049724131e-01 5.686274509803921351e-01 6.410256410256410797e-01 5.841584158415841221e-01 7.877094972067039125e-01 6.243654822335025223e-01 6.494845360824742508e-01 5.311004784688995173e-01 7.021276595744680993e-01 6.410256410256410797e-01 7.582417582417582125e-01 7.112299465240641272e-01 1.000000000000000000e+00 6.243654822335025223e-01 5.458937198067632668e-01
7.021276595744680993e-01 6.410256410256410797e-01 7.112299465240641272e-01 6.666666666666666297e-01 6.326530612244898322e-01 6.410256410256410797e-01 5.841584158415841221e-01 7.112299465240641272e-01 5.023474178403756207e-01 5.533980582524271608e-01 6.666666666666666297e-01 6.410256410256410797e-01 5.384615384615384359e-01 7.112299465240641272e-01 7.112299465240641272e-01 5.999999999999999778e-01 6.753926701570680535e-01 6.243654822335025223e-01 1.000000000000000000e+00 4.159292035398229892e-01
4.285714285714285476e-01 5.023474178403756207e-01 4.545454545454545303e-01 4.545454545454545303e-01 5.686274509803921351e-01 5.094339622641509413e-01 4.883720930232557933e-01 4.746543778801843305e-01 5.023474178403756207e-01 6.080402010050250938e-01 4.678899082568807599e-01 5.023474178403756207e-01 4.611872146118721205e-01 4.545454545454545303e-01 4.545454545454545303e-01 5.841584158415841221e-01 4.479638009049773939e-01 5.458937198067632668e-01 4.159292035398229892e-01 1.000000000000000000e+00
