1.000000000000000000e+00 9.047619047619047672e-01 9.591836734693877098e-01 9.200000000000000400e-01 8.823529411764705621e-01 9.834710743801653443e-01 8.750000000000000000e-01 9.917012448132780378e-01 7.843866171003717191e-01 8.320610687022901297e-01 9.591836734693877098e-01 9.672131147540983243e-01 8.045112781954887327e-01 9.277108433734939652e-01 9.512195121951219079e-01 8.532818532818532420e-01 1.000000000000000000e+00 8.823529411764705621e-01 8.823529411764705621e-01 7.712177121771217614e-01
9.047619047619047672e-01 1.000000000000000000e+00 8.972332015810277062e-01 8.897637795275590289e-01 8.897637795275590289e-01 9.123505976095617198e-01 8.532818532818532420e-01 9.047619047619047672e-01 7.777777777777777901e-01 8.604651162790697416e-01 9.047619047619047672e-01 9.123505976095617198e-01 7.910447761194029370e-01 9.200000000000000400e-01 8.972332015810277062e-01 8.532818532818532420e-01 9.047619047619047672e-01 9.512195121951219079e-01 8.532818532818532420e-01 8.113207547169811740e-01
9.591836734693877098e-01 8.972332015810277062e-01 1.000000000000000000e+00 9.354838709677418818e-01 8.750000000000000000e-01 9.591836734693877098e-01 8.750000000000000000e-01 9.591836734693877098e-01 7.777777777777777901e-01 8.250950570342204804e-01 9.512195121951219079e-01 9.591836734693877098e-01 8.113207547169811740e-01 9.123505976095617198e-01 9.917012448132780378e-01 8.461538461538461453e-01 9.591836734693877098e-01 8.750000000000000000e-01 8.750000000000000000e-01 7.647058823529411242e-01
9.200000000000000400e-01 8.897637795275590289e-01 9.354838709677418818e-01 1.000000000000000000e+00 8.750000000000000000e-01 9.277108433734939652e-01 9.123505976095617198e-01 9.200000000000000400e-01 7.843866171003717191e-01 8.250950570342204804e-01 9.433198380566801822e-01 9.277108433734939652e-01 8.390804597701149170e-01 8.972332015810277062e-01 9.354838709677418818e-01 8.461538461538461453e-01 9.200000000000000400e-01 8.677042801556420493e-01 8.750000000000000000e-01 7.582417582417582125e-01
8.823529411764705621e-01 8.897637795275590289e-01 8.750000000000000000e-01 8.750000000000000000e-01 1.000000000000000000e+00 8.897637795275590289e-01 8.677042801556420493e-01 8.823529411764705621e-01 7.977528089887639950e-01 9.200000000000000400e-01 8.897637795275590289e-01 8.897637795275590289e-01 8.045112781954887327e-01 8.750000000000000000e-01 8.750000000000000000e-01 9.123505976095617198e-01 8.823529411764705621e-01 8.972332015810277062e-01 8.461538461538461453e-01 8.390804597701149170e-01
9.834710743801653443e-01 9.123505976095617198e-01 9.591836734693877098e-01 9.277108433734939652e-01 8.897637795275590289e-01 1.000000000000000000e+00 8.823529411764705621e-01 9.834710743801653443e-01 7.910447761194029370e-01 8.461538461538461453e-01 9.672131147540983243e-01 9.753086419753086433e-01 8.113207547169811740e-01 9.123505976095617198e-01 9.512195121951219079e-01 8.604651162790697416e-01 9.834710743801653443e-01 8.897637795275590289e-01 8.677042801556420493e-01 7.777777777777777901e-01
8.750000000000000000e-01 8.532818532818532420e-01 8.750000000000000000e-01 9.123505976095617198e-01 8.677042801556420493e-01 8.823529411764705621e-01 1.000000000000000000e+00 8.750000000000000000e-01 8.181818181818182323e-01 8.320610687022901297e-01 9.047619047619047672e-01 8.823529411764705621e-01 9.123505976095617198e-01 8.461538461538461453e-01 8.750000000000000000e-01 8.750000000000000000e-01 8.750000000000000000e-01 8.461538461538461453e-01 8.390804597701149170e-01 7.910447761194029370e-01
9.917012448132780378e-01 9.047619047619047672e-01 9.591836734693877098e-01 9.200000000000000400e-01 8.823529411764705621e-01 9.834710743801653443e-01 8.750000000000000000e-01 1.000000000000000000e+00 7.843866171003717191e-01 8.320610687022901297e-01 9.591836734693877098e-01 9.672131147540983243e-01 8.045112781954887327e-01 9.200000000000000400e-01 9.512195121951219079e-01 8.532818532818532420e-01 9.917012448132780378e-01 8.823529411764705621e-01 8.750000000000000000e-01 7.712177121771217614e-01
7.843866171003717191e-01 7.777777777777777901e-01 7.777777777777777901e-01 7.843866171003717191e-01 7.977528089887639950e-01 7.910447761194029370e-01 8.181818181818182323e-01 7.843866171003717191e-01 1.000000000000000000e+00 8.113207547169811740e-01 7.977528089887639950e-01 7.977528089887639950e-01 8.250950570342204804e-01 7.712177121771217614e-01 7.843866171003717191e-01 8.532818532818532420e-01 7.843866171003717191e-01 7.777777777777777901e-01 7.454545454545454808e-01 8.045112781954887327e-01
8.320610687022901297e-01 8.604651162790697416e-01 8.250950570342204804e-01 8.250950570342204804e-01 9.200000000000000400e-01 8.461538461538461453e-01 8.320610687022901297e-01 8.320610687022901297e-01 8.113207547169811740e-01 1.000000000000000000e+00 8.390804597701149170e-01 8.461538461538461453e-01 8.045112781954887327e-01 8.320610687022901297e-01 8.250950570342204804e-01 8.972332015810277062e-01 8.320610687022901297e-01 8.750000000000000000e-01 8.045112781954887327e-01 8.532818532818532420e-01
9.591836734693877098e-01 9.047619047619047672e-01 9.512195121951219079e-01 9.433198380566801822e-01 8.897637795275590289e-01 9.672131147540983243e-01 9.047619047619047672e-01 9.591836734693877098e-01 7.977528089887639950e-01 8.390804597701149170e-01 1.000000000000000000e+00 9.672131147540983243e-01 8.320610687022901297e-01 9.123505976095617198e-01 9.433198380566801822e-01 8.677042801556420493e-01 9.591836734693877098e-01 8.823529411764705621e-01 8.604651162790697416e-01 7.777777777777777901e-01
9.672131147540983243e-01 9.123505976095617198e-01 9.591836734693877098e-01 9.277108433734939652e-01 8.897637795275590289e-01 9.753086419753086433e-01 8.823529411764705621e-01 9.672131147540983243e-01 7.977528089887639950e-01 8.461538461538461453e-01 9.672131147540983243e-01 1.000000000000000000e+00 8.181818181818182323e-01 9.123505976095617198e-01 9.512195121951219079e-01 8.604651162790697416e-01 9.672131147540983243e-01 8.897637795275590289e-01 8.604651162790697416e-01 7.777777777777777901e-01
8.045112781954887327e-01 7.910447761194029370e-01 8.113207547169811740e-01 8.390804597701149170e-01 8.045112781954887327e-01 8.113207547169811740e-01 9.123505976095617198e-01 8.045112781954887327e-01 8.250950570342204804e-01 8.045112781954887327e-01 8.320610687022901297e-01 8.181818181818182323e-01 1.000000000000000000e+00 7.843866171003717191e-01 8.113207547169811740e-01 8.320610687022901297e-01 8.045112781954887327e-01 7.843866171003717191e-01 7.910447761194029370e-01 7.712177121771217614e-01
9.277108433734939652e-01 9.200000000000000400e-01 9.123505976095617198e-01 8.972332015810277062e-01 8.750000000000000000e-01 9.123505976095617198e-01 8.461538461538461453e-01 9.200000000000000400e-01 7.712177121771217614e-01 8.320610687022901297e-01 9.123505976095617198e-01 9.123505976095617198e-01 7.843866171003717191e-01 1.000000000000000000e+00 9.123505976095617198e-01 8.461538461538461453e-01 9.277108433734939652e-01 9.047619047619047672e-01 9.047619047619047672e-01 7.712177121771217614e-01
9.512195121951219079e-01 8.972332015810277062e-01 9.917012448132780378e-01 9.354838709677418818e-01 8.750000000000000000e-01 9.512195121951219079e-01 8.750000000000000000e-01 9.512195121951219079e-01 7.843866171003717191e-01 8.250950570342204804e-01 9.433198380566801822e-01 9.512195121951219079e-01 8.113207547169811740e-01 9.123505976095617198e-01 1.000000000000000000e+00 8.461538461538461453e-01 9.512195121951219079e-01 8.750000000000000000e-01 8.750000000000000000e-01 7.647058823529411242e-01
8.532818532818532420e-01 8.532818532818532420e-01 8.461538461538461453e-01 8.461538461538461453e-01 9.123505976095617198e-01 8.604651162790697416e-01 8.750000000000000000e-01 8.532818532818532420e-01 8.532818532818532420e-01 8.972332015810277062e-01 8.677042801556420493e-01 8.604651162790697416e-01 8.320610687022901297e-01 8.461538461538461453e-01 8.461538461538461453e-01 1.000000000000000000e+00 8.532818532818532420e-01 8.604651162790697416e-01 8.320610687022901297e-01 8.461538461538461453e-01
1.000000000000000000e+00 9.047619047619047672e-01 9.591836734693877098e-01 9.200000000000000400e-01 8.823529411764705621e-01 9.834710743801653443e-01 8.750000000000000000e-01 9.917012448132780378e-01 7.843866171003717191e-01 8.320610687022901297e-01 9.591836734693877098e-01 9.672131147540983243e-01 8.045112781954887327e-01 9.277108433734939652e-01 9.512195121951219079e-01 8.532818532818532420e-01 1.000000000000000000e+00 8.823529411764705621e-01 8.823529411764705621e-01 7.712177121771217614e-01
8.823529411764705621e-01 9.512195121951219079e-01 8.750000000000000000e-01 8.677042801556420493e-01 8.972332015810277062e-01 8.897637795275590289e-01 8.461538461538461453e-01 8.823529411764705621e-01 7.777777777777777901e-01 8.750000000000000000e-01 8.823529411764705621e-01 8.897637795275590289e-01 7.843866171003717191e-01 9.047619047619047672e-01 8.750000000000000000e-01 8.604651162790697416e-01 8.823529411764705621e-01 1.000000000000000000e+00 8.461538461538461453e-01 8.045112781954887327e-01
8.823529411764705621e-01 8.532818532818532420e-01 8.750000000000000000e-01 8.750000000000000000e-01 8.461538461538461453e-01 8.677042801556420493e-01 8.390804597701149170e-01 8.750000000000000000e-01 7.454545454545454808e-01 8.045112781954887327e-01 8.604651162790697416e-01 8.604651162790697416e-01 7.910447761194029370e-01 9.047619047619047672e-01 8.750000000000000000e-01 8.320610687022901297e-01 8.823529411764705621e-01 8.461538461538461453e-01 1.000000000000000000e+00 7.518248175182481452e-01
7.712177121771217614e-01 8.113207547169811740e-01 7.647058823529411242e-01 7.582417582417582125e-01 8.390804597701149170e-01 7.777777777777777901e-01 7.910447761194029370e-01 7.712177121771217614e-01 8.045112781954887327e-01 8.532818532818532420e-01 7.777777777777777901e-01 7.777777777777777901e-01 7.712177121771217614e-01 7.712177121771217614e-01 7.647058823529411242e-01 8.461538461538461453e-01 7.712177121771217614e-01 8.045112781954887327e-01 7.518248175182481452e-01 1.000000000000000000e+00
