1.000000000000000000e+00 9.649122807017543879e-01 1.000000000000000000e+00 9.718309859154929953e-01 9.512195121951219079e-01 1.000000000000000000e+00 9.310344827586206629e-01 1.000000000000000000e+00 8.543046357615894371e-01 9.112627986348122988e-01 1.000000000000000000e+00 1.000000000000000000e+00 8.791946308724831738e-01 9.718309859154929953e-01 1.000000000000000000e+00 9.178082191780821963e-01 1.000000000000000000e+00 9.444444444444444198e-01 9.310344827586206629e-01 8.918918918918918859e-01
9.649122807017543879e-01 1.000000000000000000e+00 9.649122807017543879e-01 9.580419580419580194e-01 9.580419580419580194e-01 9.649122807017543879e-01 9.310344827586206629e-01 9.649122807017543879e-01 8.481848184818482350e-01 9.178082191780821963e-01 9.649122807017543879e-01 9.649122807017543879e-01 8.791946308724831738e-01 9.718309859154929953e-01 9.649122807017543879e-01 9.178082191780821963e-01 9.649122807017543879e-01 9.718309859154929953e-01 9.310344827586206629e-01 8.918918918918918859e-01
1.000000000000000000e+00 9.649122807017543879e-01 1.000000000000000000e+00 9.718309859154929953e-01 9.512195121951219079e-01 1.000000000000000000e+00 9.310344827586206629e-01 1.000000000000000000e+00 8.543046357615894371e-01 9.112627986348122988e-01 1.000000000000000000e+00 1.000000000000000000e+00 8.791946308724831738e-01 9.718309859154929953e-01 1.000000000000000000e+00 9.178082191780821963e-01 1.000000000000000000e+00 9.444444444444444198e-01 9.310344827586206629e-01 8.918918918918918859e-01
9.718309859154929953e-01 9.580419580419580194e-01 9.718309859154929953e-01 1.000000000000000000e+00 9.512195121951219079e-01 9.718309859154929953e-01 9.444444444444444198e-01 9.718309859154929953e-01 8.543046357615894371e-01 9.112627986348122988e-01 9.718309859154929953e-01 9.718309859154929953e-01 8.918918918918918859e-01 9.649122807017543879e-01 9.718309859154929953e-01 9.178082191780821963e-01 9.718309859154929953e-01 9.377162629757785917e-01 9.377162629757785917e-01 8.791946308724831738e-01
9.512195121951219079e-01 9.580419580419580194e-01 9.512195121951219079e-01 9.512195121951219079e-01 1.000000000000000000e+00 9.512195121951219079e-01 9.377162629757785917e-01 9.512195121951219079e-01 8.604651162790697416e-01 9.580419580419580194e-01 9.512195121951219079e-01 9.512195121951219079e-01 8.855218855218854879e-01 9.512195121951219079e-01 9.512195121951219079e-01 9.377162629757785917e-01 9.512195121951219079e-01 9.580419580419580194e-01 9.243986254295533112e-01 9.047619047619047672e-01
1.000000000000000000e+00 9.649122807017543879e-01 1.000000000000000000e+00 9.718309859154929953e-01 9.512195121951219079e-01 1.000000000000000000e+00 9.310344827586206629e-01 1.000000000000000000e+00 8.543046357615894371e-01 9.112627986348122988e-01 1.000000000000000000e+00 1.000000000000000000e+00 8.791946308724831738e-01 9.718309859154929953e-01 1.000000000000000000e+00 9.178082191780821963e-01 1.000000000000000000e+00 9.444444444444444198e-01 9.310344827586206629e-01 8.918918918918918859e-01
9.310344827586206629e-01 9.310344827586206629e-01 9.310344827586206629e-01 9.444444444444444198e-01 9.377162629757785917e-01 9.310344827586206629e-01 1.000000000000000000e+00 9.310344827586206629e-01 8.666666666666666963e-01 9.112627986348122988e-01 9.310344827586206629e-01 9.310344827586206629e-01 9.444444444444444198e-01 9.243986254295533112e-01 9.310344827586206629e-01 9.178082191780821963e-01 9.310344827586206629e-01 9.243986254295533112e-01 9.178082191780821963e-01 8.791946308724831738e-01
1.000000000000000000e+00 9.649122807017543879e-01 1.000000000000000000e+00 9.718309859154929953e-01 9.512195121951219079e-01 1.000000000000000000e+00 9.310344827586206629e-01 1.000000000000000000e+00 8.543046357615894371e-01 9.112627986348122988e-01 1.000000000000000000e+00 1.000000000000000000e+00 8.791946308724831738e-01 9.718309859154929953e-01 1.000000000000000000e+00 9.178082191780821963e-01 1.000000000000000000e+00 9.444444444444444198e-01 9.310344827586206629e-01 8.918918918918918859e-01
8.543046357615894371e-01 8.481848184818482350e-01 8.543046357615894371e-01 8.543046357615894371e-01 8.604651162790697416e-01 8.543046357615894371e-01 8.666666666666666963e-01 8.543046357615894371e-01 1.000000000000000000e+00 8.729096989966554920e-01 8.543046357615894371e-01 8.543046357615894371e-01 8.918918918918918859e-01 8.421052631578946901e-01 8.543046357615894371e-01 8.983050847457627608e-01 8.543046357615894371e-01 8.543046357615894371e-01 8.360655737704918433e-01 8.666666666666666963e-01
9.112627986348122988e-01 9.178082191780821963e-01 9.112627986348122988e-01 9.112627986348122988e-01 9.580419580419580194e-01 9.112627986348122988e-01 9.112627986348122988e-01 9.112627986348122988e-01 8.729096989966554920e-01 1.000000000000000000e+00 9.112627986348122988e-01 9.112627986348122988e-01 8.855218855218854879e-01 9.112627986348122988e-01 9.112627986348122988e-01 9.512195121951219079e-01 9.112627986348122988e-01 9.243986254295533112e-01 9.047619047619047672e-01 9.112627986348122988e-01
1.000000000000000000e+00 9.649122807017543879e-01 1.000000000000000000e+00 9.718309859154929953e-01 9.512195121951219079e-01 1.000000000000000000e+00 9.310344827586206629e-01 1.000000000000000000e+00 8.543046357615894371e-01 9.112627986348122988e-01 1.000000000000000000e+00 1.000000000000000000e+00 8.791946308724831738e-01 9.718309859154929953e-01 1.000000000000000000e+00 9.178082191780821963e-01 1.000000000000000000e+00 9.444444444444444198e-01 9.310344827586206629e-01 8.918918918918918859e-01
1.000000000000000000e+00 9.649122807017543879e-01 1.000000000000000000e+00 9.718309859154929953e-01 9.512195121951219079e-01 1.000000000000000000e+00 9.310344827586206629e-01 1.000000000000000000e+00 8.543046357615894371e-01 9.112627986348122988e-01 1.000000000000000000e+00 1.000000000000000000e+00 8.791946308724831738e-01 9.718309859154929953e-01 1.000000000000000000e+00 9.178082191780821963e-01 1.000000000000000000e+00 9.444444444444444198e-01 9.310344827586206629e-01 8.918918918918918859e-01
8.791946308724831738e-01 8.791946308724831738e-01 8.791946308724831738e-01 8.918918918918918859e-01 8.855218855218854879e-01 8.791946308724831738e-01 9.444444444444444198e-01 8.791946308724831738e-01 8.918918918918918859e-01 8.855218855218854879e-01 8.791946308724831738e-01 8.791946308724831738e-01 1.000000000000000000e+00 8.729096989966554920e-01 8.791946308724831738e-01 8.983050847457627608e-01 8.791946308724831738e-01 8.729096989966554920e-01 8.666666666666666963e-01 8.604651162790697416e-01
9.718309859154929953e-01 9.718309859154929953e-01 9.718309859154929953e-01 9.649122807017543879e-01 9.512195121951219079e-01 9.718309859154929953e-01 9.243986254295533112e-01 9.718309859154929953e-01 8.421052631578946901e-01 9.112627986348122988e-01 9.718309859154929953e-01 9.718309859154929953e-01 8.729096989966554920e-01 1.000000000000000000e+00 9.718309859154929953e-01 9.178082191780821963e-01 9.718309859154929953e-01 9.580419580419580194e-01 9.444444444444444198e-01 8.855218855218854879e-01
1.000000000000000000e+00 9.649122807017543879e-01 1.000000000000000000e+00 9.718309859154929953e-01 9.512195121951219079e-01 1.000000000000000000e+00 9.310344827586206629e-01 1.000000000000000000e+00 8.543046357615894371e-01 9.112627986348122988e-01 1.000000000000000000e+00 1.000000000000000000e+00 8.791946308724831738e-01 9.718309859154929953e-01 1.000000000000000000e+00 9.178082191780821963e-01 1.000000000000000000e+00 9.444444444444444198e-01 9.310344827586206629e-01 8.918918918918918859e-01
9.178082191780821963e-01 9.178082191780821963e-01 9.178082191780821963e-01 9.178082191780821963e-01 9.377162629757785917e-01 9.178082191780821963e-01 9.178082191780821963e-01 9.178082191780821963e-01 8.983050847457627608e-01 9.512195121951219079e-01 9.178082191780821963e-01 9.178082191780821963e-01 8.983050847457627608e-01 9.178082191780821963e-01 9.178082191780821963e-01 1.000000000000000000e+00 9.178082191780821963e-01 9.243986254295533112e-01 9.047619047619047672e-01 9.112627986348122988e-01
1.000000000000000000e+00 9.649122807017543879e-01 1.000000000000000000e+00 9.718309859154929953e-01 9.512195121951219079e-01 1.000000000000000000e+00 9.310344827586206629e-01 1.000000000000000000e+00 8.543046357615894371e-01 9.112627986348122988e-01 1.000000000000000000e+00 1.000000000000000000e+00 8.791946308724831738e-01 9.718309859154929953e-01 1.000000000000000000e+00 9.178082191780821963e-01 1.000000000000000000e+00 9.444444444444444198e-01 9.310344827586206629e-01 8.918918918918918859e-01
9.444444444444444198e-01 9.718309859154929953e-01 9.444444444444444198e-01 9.377162629757785917e-01 9.580419580419580194e-01 9.444444444444444198e-01 9.243986254295533112e-01 9.444444444444444198e-01 8.543046357615894371e-01 9.243986254295533112e-01 9.444444444444444198e-01 9.444444444444444198e-01 8.729096989966554920e-01 9.580419580419580194e-01 9.444444444444444198e-01 9.243986254295533112e-01 9.444444444444444198e-01 1.000000000000000000e+00 9.243986254295533112e-01 8.855218855218854879e-01
9.310344827586206629e-01 9.310344827586206629e-01 9.310344827586206629e-01 9.377162629757785917e-01 9.243986254295533112e-01 9.310344827586206629e-01 9.178082191780821963e-01 9.310344827586206629e-01 8.360655737704918433e-01 9.047619047619047672e-01 9.310344827586206629e-01 9.310344827586206629e-01 8.666666666666666963e-01 9.444444444444444198e-01 9.310344827586206629e-01 9.047619047619047672e-01 9.310344827586206629e-01 9.243986254295533112e-01 1.000000000000000000e+00 8.729096989966554920e-01
8.918918918918918859e-01 8.918918918918918859e-01 8.918918918918918859e-01 8.791946308724831738e-01 9.047619047619047672e-01 8.918918918918918859e-01 8.791946308724831738e-01 8.918918918918918859e-01 8.666666666666666963e-01 9.112627986348122988e-01 8.918918918918918859e-01 8.918918918918918859e-01 8.604651162790697416e-01 8.855218855218854879e-01 8.918918918918918859e-01 9.112627986348122988e-01 8.918918918918918859e-01 8.855218855218854879e-01 8.729096989966554920e-01 1.000000000000000000e+00
